year,electrolyzer_additions_day,electrolyzer_additions_year,cum_supply_pem
2020,0,0,0
2022,0,0,0
2024,10,3650,3650
2026,12,4380,8030
2028,50,18250,26280
2030,75,27375,53655
2032,180,65700,119355
2034,225,82125,201480
2036,390,142350,343830
2038,580,211700,555530
2040,600,219000,774530
2042,575,209875,984405
2044,499,182135,1166540
2046,215,78475,1245015
2048,50,18250,1263265
2050,10,3650,1266915